
BOLSIG+ version: 12/2017
Collision input data:
--------------------------------------------------
N2                                                              
 
 
 
Angular frequency / N (m3/s)               0.000    
Cosine of E-B field angle                  0.000    
Gas temperature (K)                        400.0    
Excitation temperature (K)                 400.0    
Transition energy (eV)                     0.000    
Ionization degree                         0.1000E-03
Plasma density (1/m3)                     0.1000E+20
Ion charge parameter                       0.000    
Ion/neutral mass ratio                     1.000    
e-e momentum effects                       1.000    
Energy sharing                             1.000    
Growth model                               1.000    
Maxwellian mean energy (eV)                0.000    
# of grid points                           100.0    
Precision                                 0.1000E-09
Convergence                               0.1000E-04
Maximum # of iterations                    2000.    
Mole fraction N2                           1.000    
 
 
E/N (Td)    	Electric field / N (Td)                                         
0.1000	0.1000
0.4287	0.4287
1.415	1.415
3.058	3.058
5.359	5.359
8.317	8.317
11.93	11.93
16.20	16.20
21.13	21.13
26.72	26.72
32.97	32.97
39.87	39.87
47.43	47.43
55.64	55.64
64.52	64.52
74.05	74.05
84.24	84.24
95.08	95.08
106.6	106.6
118.7	118.7
131.6	131.6
145.0	145.0
159.2	159.2
174.0	174.0
189.4	189.4
205.5	205.5
222.3	222.3
239.7	239.7
257.8	257.8
276.5	276.5
295.9	295.9
315.9	315.9
336.7	336.7
358.0	358.0
380.0	380.0
402.7	402.7
426.1	426.1
450.0	450.0
474.7	474.7
500.0	500.0
 
 
E/N (Td)    	Grid type                                                       
0.1000	0.000
0.4287	3.000
1.415	3.000
3.058	3.000
5.359	3.000
8.317	3.000
11.93	3.000
16.20	3.000
21.13	3.000
26.72	3.000
32.97	3.000
39.87	3.000
47.43	3.000
55.64	3.000
64.52	3.000
74.05	3.000
84.24	3.000
95.08	3.000
106.6	3.000
118.7	3.000
131.6	3.000
145.0	3.000
159.2	3.000
174.0	3.000
189.4	3.000
205.5	3.000
222.3	3.000
239.7	3.000
257.8	3.000
276.5	3.000
295.9	3.000
315.9	3.000
336.7	3.000
358.0	3.000
380.0	3.000
402.7	3.000
426.1	3.000
450.0	3.000
474.7	3.000
500.0	3.000
 
 
E/N (Td)    	Maximum energy                                                  
0.1000	-1.000
0.4287	1.710
1.415	2.565
3.058	3.847
5.359	5.770
8.317	5.770
11.93	8.062
16.20	11.26
21.13	13.29
26.72	13.29
32.97	15.65
39.87	18.40
47.43	18.40
55.64	21.60
64.52	25.33
74.05	25.33
84.24	29.66
95.08	29.66
106.6	34.72
118.7	34.72
131.6	40.60
145.0	40.60
159.2	47.44
174.0	47.44
189.4	55.42
205.5	55.42
222.3	64.70
239.7	64.70
257.8	75.50
276.5	75.50
295.9	75.50
315.9	88.09
336.7	88.09
358.0	102.7
380.0	102.7
402.7	102.7
426.1	119.8
450.0	119.8
474.7	139.7
500.0	139.7
 
 
E/N (Td)	Mean energy (eV)
0.1000	0.1036
0.4287	0.2126
1.415	0.3434
3.058	0.4426
5.359	0.5351
8.317	0.6229
11.93	0.7054
16.20	0.7822
21.13	0.8526
26.72	0.9174
32.97	0.9800
39.87	1.046
47.43	1.126
55.64	1.235
64.52	1.389
74.05	1.606
84.24	1.890
95.08	2.234
106.6	2.622
118.7	3.039
131.6	3.453
145.0	3.855
159.2	4.245
174.0	4.617
189.4	4.972
205.5	5.312
222.3	5.640
239.7	5.957
257.8	6.268
276.5	6.574
295.9	6.879
315.9	7.181
336.7	7.480
358.0	7.784
380.0	8.089
402.7	8.396
426.1	8.708
450.0	9.025
474.7	9.347
500.0	9.674
 
 
E/N (Td)	Mobility *N (1/m/V/s)
0.1000	0.1055E+26
0.4287	0.6429E+25
1.415	0.4762E+25
3.058	0.4036E+25
5.359	0.3524E+25
8.317	0.3103E+25
11.93	0.2748E+25
16.20	0.2452E+25
21.13	0.2198E+25
26.72	0.1980E+25
32.97	0.1803E+25
39.87	0.1651E+25
47.43	0.1522E+25
55.64	0.1415E+25
64.52	0.1324E+25
74.05	0.1248E+25
84.24	0.1184E+25
95.08	0.1130E+25
106.6	0.1087E+25
118.7	0.1054E+25
131.6	0.1025E+25
145.0	0.9993E+24
159.2	0.9783E+24
174.0	0.9593E+24
189.4	0.9423E+24
205.5	0.9271E+24
222.3	0.9122E+24
239.7	0.8975E+24
257.8	0.8841E+24
276.5	0.8713E+24
295.9	0.8593E+24
315.9	0.8472E+24
336.7	0.8353E+24
358.0	0.8240E+24
380.0	0.8131E+24
402.7	0.8024E+24
426.1	0.7920E+24
450.0	0.7820E+24
474.7	0.7721E+24
500.0	0.7624E+24
 
 
E/N (Td)	Diffusion coefficient *N (1/m/s)
0.1000	0.7326E+24
0.4287	0.9137E+24
1.415	0.1099E+25
3.058	0.1219E+25
5.359	0.1318E+25
8.317	0.1400E+25
11.93	0.1466E+25
16.20	0.1520E+25
21.13	0.1562E+25
26.72	0.1592E+25
32.97	0.1616E+25
39.87	0.1636E+25
47.43	0.1658E+25
55.64	0.1692E+25
64.52	0.1748E+25
74.05	0.1840E+25
84.24	0.1966E+25
95.08	0.2126E+25
106.6	0.2314E+25
118.7	0.2521E+25
131.6	0.2724E+25
145.0	0.2922E+25
159.2	0.3111E+25
174.0	0.3289E+25
189.4	0.3456E+25
205.5	0.3614E+25
222.3	0.3760E+25
239.7	0.3897E+25
257.8	0.4028E+25
276.5	0.4154E+25
295.9	0.4277E+25
315.9	0.4394E+25
336.7	0.4506E+25
358.0	0.4618E+25
380.0	0.4728E+25
402.7	0.4837E+25
426.1	0.4945E+25
450.0	0.5052E+25
474.7	0.5158E+25
500.0	0.5264E+25
 
 
E/N (Td)	Energy mobility *N (1/m/V/s)
0.1000	0.1669E+26
0.4287	0.9326E+25
1.415	0.6621E+25
3.058	0.5511E+25
5.359	0.4739E+25
8.317	0.4157E+25
11.93	0.3687E+25
16.20	0.3306E+25
21.13	0.2989E+25
26.72	0.2720E+25
32.97	0.2503E+25
39.87	0.2313E+25
47.43	0.2147E+25
55.64	0.2006E+25
64.52	0.1888E+25
74.05	0.1792E+25
84.24	0.1717E+25
95.08	0.1658E+25
106.6	0.1612E+25
118.7	0.1574E+25
131.6	0.1541E+25
145.0	0.1510E+25
159.2	0.1482E+25
174.0	0.1456E+25
189.4	0.1431E+25
205.5	0.1407E+25
222.3	0.1384E+25
239.7	0.1362E+25
257.8	0.1341E+25
276.5	0.1321E+25
295.9	0.1301E+25
315.9	0.1283E+25
336.7	0.1265E+25
358.0	0.1247E+25
380.0	0.1230E+25
402.7	0.1214E+25
426.1	0.1198E+25
450.0	0.1183E+25
474.7	0.1168E+25
500.0	0.1153E+25
 
 
E/N (Td)	Energy diffusion coef. D*N (1/m/s)
0.1000	0.1151E+25
0.4287	0.1320E+25
1.415	0.1512E+25
3.058	0.1619E+25
5.359	0.1687E+25
8.317	0.1731E+25
11.93	0.1756E+25
16.20	0.1769E+25
21.13	0.1772E+25
26.72	0.1770E+25
32.97	0.1778E+25
39.87	0.1805E+25
47.43	0.1878E+25
55.64	0.2024E+25
64.52	0.2263E+25
74.05	0.2588E+25
84.24	0.2952E+25
95.08	0.3316E+25
106.6	0.3648E+25
118.7	0.3943E+25
131.6	0.4191E+25
145.0	0.4405E+25
159.2	0.4593E+25
174.0	0.4761E+25
189.4	0.4917E+25
205.5	0.5064E+25
222.3	0.5202E+25
239.7	0.5337E+25
257.8	0.5469E+25
276.5	0.5600E+25
295.9	0.5732E+25
315.9	0.5863E+25
336.7	0.5996E+25
358.0	0.6130E+25
380.0	0.6266E+25
402.7	0.6406E+25
426.1	0.6546E+25
450.0	0.6690E+25
474.7	0.6835E+25
500.0	0.6982E+25
 
 
E/N (Td)	Total collision freq. /N (m3/s)
0.1000	0.1100E-13
0.4287	0.1998E-13
1.415	0.2846E-13
3.058	0.3415E-13
5.359	0.3926E-13
8.317	0.4418E-13
11.93	0.4894E-13
16.20	0.5355E-13
21.13	0.5802E-13
26.72	0.6240E-13
32.97	0.6679E-13
39.87	0.7131E-13
47.43	0.7622E-13
55.64	0.8172E-13
64.52	0.8801E-13
74.05	0.9524E-13
84.24	0.1031E-12
95.08	0.1113E-12
106.6	0.1194E-12
118.7	0.1272E-12
131.6	0.1342E-12
145.0	0.1403E-12
159.2	0.1459E-12
174.0	0.1508E-12
189.4	0.1551E-12
205.5	0.1590E-12
222.3	0.1625E-12
239.7	0.1658E-12
257.8	0.1688E-12
276.5	0.1716E-12
295.9	0.1744E-12
315.9	0.1769E-12
336.7	0.1794E-12
358.0	0.1818E-12
380.0	0.1841E-12
402.7	0.1865E-12
426.1	0.1887E-12
450.0	0.1910E-12
474.7	0.1932E-12
500.0	0.1953E-12
 
 
E/N (Td)	Momentum frequency /N (m3/s)
0.1000	0.1667E-13
0.4287	0.2736E-13
1.415	0.3693E-13
3.058	0.4358E-13
5.359	0.4991E-13
8.317	0.5668E-13
11.93	0.6400E-13
16.20	0.7174E-13
21.13	0.8003E-13
26.72	0.8882E-13
32.97	0.9756E-13
39.87	0.1065E-12
47.43	0.1155E-12
55.64	0.1243E-12
64.52	0.1328E-12
74.05	0.1409E-12
84.24	0.1486E-12
95.08	0.1556E-12
106.6	0.1618E-12
118.7	0.1669E-12
131.6	0.1717E-12
145.0	0.1760E-12
159.2	0.1798E-12
174.0	0.1833E-12
189.4	0.1867E-12
205.5	0.1897E-12
222.3	0.1928E-12
239.7	0.1960E-12
257.8	0.1989E-12
276.5	0.2019E-12
295.9	0.2047E-12
315.9	0.2076E-12
336.7	0.2106E-12
358.0	0.2134E-12
380.0	0.2163E-12
402.7	0.2192E-12
426.1	0.2221E-12
450.0	0.2249E-12
474.7	0.2278E-12
500.0	0.2307E-12
 
 
E/N (Td)	Total ionization freq. /N (m3/s)
0.1000	0.000
0.4287	0.000
1.415	0.000
3.058	0.000
5.359	0.000
8.317	0.000
11.93	0.000
16.20	0.000
21.13	0.000
26.72	0.3524E-28
32.97	0.1478E-24
39.87	0.4859E-23
47.43	0.8561E-22
55.64	0.9075E-21
64.52	0.6531E-20
74.05	0.3457E-19
84.24	0.1404E-18
95.08	0.4600E-18
106.6	0.1256E-17
118.7	0.2968E-17
131.6	0.6180E-17
145.0	0.1167E-16
159.2	0.2038E-16
174.0	0.3339E-16
189.4	0.5189E-16
205.5	0.7720E-16
222.3	0.1107E-15
239.7	0.1538E-15
257.8	0.2080E-15
276.5	0.2749E-15
295.9	0.3560E-15
315.9	0.4525E-15
336.7	0.5659E-15
358.0	0.6977E-15
380.0	0.8492E-15
402.7	0.1022E-14
426.1	0.1216E-14
450.0	0.1433E-14
474.7	0.1674E-14
500.0	0.1940E-14
 
 
E/N (Td)	Townsend ioniz. coef. alpha/N (m2)
0.1000	0.000
0.4287	0.000
1.415	0.000
3.058	0.000
5.359	0.000
8.317	0.000
11.93	0.000
16.20	0.000
21.13	0.000
26.72	0.6659E-33
32.97	0.2486E-29
39.87	0.7380E-28
47.43	0.1186E-26
55.64	0.1153E-25
64.52	0.7644E-25
74.05	0.3741E-24
84.24	0.1408E-23
95.08	0.4281E-23
106.6	0.1084E-22
118.7	0.2372E-22
131.6	0.4584E-22
145.0	0.8051E-22
159.2	0.1309E-21
174.0	0.2001E-21
189.4	0.2908E-21
205.5	0.4052E-21
222.3	0.5459E-21
239.7	0.7148E-21
257.8	0.9127E-21
276.5	0.1141E-20
295.9	0.1400E-20
315.9	0.1690E-20
336.7	0.2012E-20
358.0	0.2365E-20
380.0	0.2748E-20
402.7	0.3161E-20
426.1	0.3603E-20
450.0	0.4073E-20
474.7	0.4568E-20
500.0	0.5089E-20
 
 
E/N (Td)	Power /N (eV m3/s)
0.1000	0.1055E-18
0.4287	0.1181E-17
1.415	0.9531E-17
3.058	0.3774E-16
5.359	0.1012E-15
8.317	0.2146E-15
11.93	0.3913E-15
16.20	0.6437E-15
21.13	0.9817E-15
26.72	0.1414E-14
32.97	0.1959E-14
39.87	0.2625E-14
47.43	0.3425E-14
55.64	0.4381E-14
64.52	0.5512E-14
74.05	0.6843E-14
84.24	0.8400E-14
95.08	0.1022E-13
106.6	0.1235E-13
118.7	0.1486E-13
131.6	0.1774E-13
145.0	0.2102E-13
159.2	0.2479E-13
174.0	0.2903E-13
189.4	0.3381E-13
205.5	0.3916E-13
222.3	0.4507E-13
239.7	0.5157E-13
257.8	0.5875E-13
276.5	0.6661E-13
295.9	0.7524E-13
315.9	0.8457E-13
336.7	0.9467E-13
358.0	0.1056E-12
380.0	0.1174E-12
402.7	0.1301E-12
426.1	0.1438E-12
450.0	0.1584E-12
474.7	0.1740E-12
500.0	0.1906E-12
 
 
E/N (Td)	Elastic power loss /N (eV m3/s)
0.1000	0.3556E-19
0.4287	0.1906E-18
1.415	0.4730E-18
3.058	0.7425E-18
5.359	0.1032E-17
8.317	0.1344E-17
11.93	0.1672E-17
16.20	0.2013E-17
21.13	0.2363E-17
26.72	0.2731E-17
32.97	0.3137E-17
39.87	0.3619E-17
47.43	0.4248E-17
55.64	0.5118E-17
64.52	0.6351E-17
74.05	0.8064E-17
84.24	0.1028E-16
95.08	0.1296E-16
106.6	0.1599E-16
118.7	0.1929E-16
131.6	0.2260E-16
145.0	0.2589E-16
159.2	0.2915E-16
174.0	0.3234E-16
189.4	0.3548E-16
205.5	0.3857E-16
222.3	0.4164E-16
239.7	0.4469E-16
257.8	0.4777E-16
276.5	0.5087E-16
295.9	0.5403E-16
315.9	0.5723E-16
336.7	0.6048E-16
358.0	0.6382E-16
380.0	0.6724E-16
402.7	0.7075E-16
426.1	0.7435E-16
450.0	0.7807E-16
474.7	0.8189E-16
500.0	0.8581E-16
 
 
E/N (Td)	Inelastic power loss /N (eV m3/s)
0.1000	0.6992E-19
0.4287	0.9906E-18
1.415	0.9057E-17
3.058	0.3699E-16
5.359	0.1001E-15
8.317	0.2132E-15
11.93	0.3890E-15
16.20	0.6408E-15
21.13	0.9782E-15
26.72	0.1409E-14
32.97	0.1952E-14
39.87	0.2617E-14
47.43	0.3420E-14
55.64	0.4371E-14
64.52	0.5500E-14
74.05	0.6828E-14
84.24	0.8383E-14
95.08	0.1019E-13
106.6	0.1232E-13
118.7	0.1483E-13
131.6	0.1770E-13
145.0	0.2095E-13
159.2	0.2467E-13
174.0	0.2885E-13
189.4	0.3352E-13
205.5	0.3869E-13
222.3	0.4438E-13
239.7	0.5061E-13
257.8	0.5740E-13
276.5	0.6476E-13
295.9	0.7273E-13
315.9	0.8126E-13
336.7	0.9038E-13
358.0	0.1001E-12
380.0	0.1105E-12
402.7	0.1215E-12
426.1	0.1331E-12
450.0	0.1454E-12
474.7	0.1582E-12
500.0	0.1718E-12
 
 
E/N (Td)	Growth power /N (eV m3/s)
0.1000	0.000
0.4287	0.000
1.415	0.000
3.058	0.000
5.359	0.000
8.317	0.000
11.93	0.000
16.20	0.000
21.13	0.000
26.72	0.3234E-28
32.97	0.1449E-24
39.87	0.5086E-23
47.43	0.9648E-22
55.64	0.1121E-20
64.52	0.9077E-20
74.05	0.5555E-19
84.24	0.2655E-18
95.08	0.1028E-17
106.6	0.3294E-17
118.7	0.9022E-17
131.6	0.2134E-16
145.0	0.4500E-16
159.2	0.8653E-16
174.0	0.1542E-15
189.4	0.2581E-15
205.5	0.4103E-15
222.3	0.6245E-15
239.7	0.9164E-15
257.8	0.1304E-14
276.5	0.1808E-14
295.9	0.2450E-14
315.9	0.3250E-14
336.7	0.4235E-14
358.0	0.5433E-14
380.0	0.6872E-14
402.7	0.8581E-14
426.1	0.1059E-13
450.0	0.1294E-13
474.7	0.1566E-13
500.0	0.1878E-13
 
 
E/N (Td)	Coulomb logarithm
0.1000	4.488
0.4287	5.566
1.415	6.285
3.058	6.666
5.359	6.950
8.317	7.178
11.93	7.365
16.20	7.520
21.13	7.649
26.72	7.759
32.97	7.858
39.87	7.956
47.43	8.067
55.64	8.205
64.52	8.382
74.05	8.599
84.24	8.843
95.08	9.094
106.6	9.334
118.7	9.556
131.6	9.747
145.0	9.912
159.2	10.06
174.0	10.18
189.4	10.29
205.5	10.39
222.3	10.48
239.7	10.57
257.8	10.64
276.5	10.71
295.9	10.78
315.9	10.85
336.7	10.91
358.0	10.97
380.0	11.02
402.7	11.08
426.1	11.13
450.0	11.19
474.7	11.24
500.0	11.29
 
 
E/N (Td)	Maximum energy
0.1000	1.710
0.4287	2.565
1.415	3.847
3.058	5.770
5.359	5.770
8.317	8.062
11.93	11.26
16.20	13.29
21.13	13.29
26.72	15.65
32.97	18.40
39.87	18.40
47.43	21.60
55.64	25.33
64.52	25.33
74.05	29.66
84.24	29.66
95.08	34.72
106.6	34.72
118.7	40.60
131.6	40.60
145.0	47.44
159.2	47.44
174.0	55.42
189.4	55.42
205.5	64.70
222.3	64.70
239.7	75.50
257.8	75.50
276.5	75.50
295.9	88.09
315.9	88.09
336.7	102.7
358.0	102.7
380.0	102.7
402.7	119.8
426.1	119.8
450.0	139.7
474.7	139.7
500.0	139.7
 
 
E/N (Td)	# of iterations
0.1000	39.00
0.4287	52.00
1.415	33.00
3.058	37.00
5.359	37.00
8.317	126.0
11.93	116.0
16.20	72.00
21.13	34.00
26.72	62.00
32.97	70.00
39.87	45.00
47.43	113.0
55.64	142.0
64.52	85.00
74.05	204.0
84.24	130.0
95.08	355.0
106.6	233.0
118.7	377.0
131.6	222.0
145.0	449.0
159.2	192.0
174.0	349.0
189.4	142.0
205.5	258.0
222.3	106.0
239.7	217.0
257.8	21.00
276.5	23.00
295.9	276.0
315.9	161.0
336.7	248.0
358.0	90.00
380.0	88.00
402.7	97.00
426.1	14.00
450.0	34.00
474.7	23.00
500.0	33.00
 
 
E/N (Td)	# of grid trials
0.1000	3.000
0.4287	2.000
1.415	2.000
3.058	2.000
5.359	1.000
8.317	3.000
11.93	3.000
16.20	2.000
21.13	1.000
26.72	2.000
32.97	2.000
39.87	1.000
47.43	2.000
55.64	2.000
64.52	1.000
74.05	2.000
84.24	1.000
95.08	2.000
106.6	1.000
118.7	2.000
131.6	1.000
145.0	2.000
159.2	1.000
174.0	2.000
189.4	1.000
205.5	2.000
222.3	1.000
239.7	2.000
257.8	1.000
276.5	1.000
295.9	2.000
315.9	1.000
336.7	2.000
358.0	1.000
380.0	1.000
402.7	2.000
426.1	1.000
450.0	2.000
474.7	1.000
500.0	1.000
 
 
C1    N2    Effective (momentum)                                
E/N (Td)	Rate coefficient (m3/s)
0.1000	0.1100E-13
0.4287	0.1998E-13
1.415	0.2846E-13
3.058	0.3415E-13
5.359	0.3926E-13
8.317	0.4418E-13
11.93	0.4894E-13
16.20	0.5355E-13
21.13	0.5802E-13
26.72	0.6240E-13
32.97	0.6679E-13
39.87	0.7131E-13
47.43	0.7622E-13
55.64	0.8172E-13
64.52	0.8801E-13
74.05	0.9524E-13
84.24	0.1031E-12
95.08	0.1113E-12
106.6	0.1194E-12
118.7	0.1272E-12
131.6	0.1342E-12
145.0	0.1403E-12
159.2	0.1459E-12
174.0	0.1508E-12
189.4	0.1551E-12
205.5	0.1590E-12
222.3	0.1625E-12
239.7	0.1658E-12
257.8	0.1688E-12
276.5	0.1716E-12
295.9	0.1744E-12
315.9	0.1769E-12
336.7	0.1794E-12
358.0	0.1818E-12
380.0	0.1841E-12
402.7	0.1865E-12
426.1	0.1887E-12
450.0	0.1910E-12
474.7	0.1932E-12
500.0	0.1953E-12
 
 
C2    N2    Excitation    0.30 eV                               
E/N (Td)	Rate coefficient (m3/s)
0.1000	0.2361E-18
0.4287	0.3235E-17
1.415	0.2117E-16
3.058	0.6679E-16
5.359	0.1517E-15
8.317	0.2828E-15
11.93	0.4625E-15
16.20	0.6914E-15
21.13	0.9665E-15
26.72	0.1285E-14
32.97	0.1644E-14
39.87	0.2040E-14
47.43	0.2465E-14
55.64	0.2903E-14
64.52	0.3333E-14
74.05	0.3724E-14
84.24	0.4039E-14
95.08	0.4253E-14
106.6	0.4371E-14
118.7	0.4405E-14
131.6	0.4360E-14
145.0	0.4259E-14
159.2	0.4136E-14
174.0	0.3999E-14
189.4	0.3850E-14
205.5	0.3700E-14
222.3	0.3554E-14
239.7	0.3414E-14
257.8	0.3280E-14
276.5	0.3153E-14
295.9	0.3035E-14
315.9	0.2923E-14
336.7	0.2817E-14
358.0	0.2720E-14
380.0	0.2629E-14
402.7	0.2549E-14
426.1	0.2470E-14
450.0	0.2392E-14
474.7	0.2323E-14
500.0	0.2258E-14
 
 
C3    N2    Excitation    0.60 eV                               
E/N (Td)	Rate coefficient (m3/s)
0.1000	0.7222E-27
0.4287	0.2660E-19
1.415	0.2734E-17
3.058	0.1524E-16
5.359	0.4467E-16
8.317	0.9666E-16
11.93	0.1749E-15
16.20	0.2822E-15
21.13	0.4188E-15
26.72	0.5844E-15
32.97	0.7798E-15
39.87	0.1002E-14
47.43	0.1248E-14
55.64	0.1506E-14
64.52	0.1766E-14
74.05	0.2006E-14
84.24	0.2203E-14
95.08	0.2340E-14
106.6	0.2419E-14
118.7	0.2446E-14
131.6	0.2426E-14
145.0	0.2373E-14
159.2	0.2303E-14
174.0	0.2224E-14
189.4	0.2138E-14
205.5	0.2048E-14
222.3	0.1960E-14
239.7	0.1876E-14
257.8	0.1793E-14
276.5	0.1714E-14
295.9	0.1638E-14
315.9	0.1566E-14
336.7	0.1497E-14
358.0	0.1432E-14
380.0	0.1371E-14
402.7	0.1314E-14
426.1	0.1258E-14
450.0	0.1204E-14
474.7	0.1153E-14
500.0	0.1106E-14
 
 
C4    N2    Excitation    0.90 eV                               
E/N (Td)	Rate coefficient (m3/s)
0.1000	0.000
0.4287	0.5599E-20
1.415	0.9085E-18
3.058	0.6036E-17
5.359	0.1980E-16
8.317	0.4645E-16
11.93	0.8943E-16
16.20	0.1519E-15
21.13	0.2352E-15
26.72	0.3397E-15
32.97	0.4670E-15
39.87	0.6161E-15
47.43	0.7839E-15
55.64	0.9633E-15
64.52	0.1145E-14
74.05	0.1314E-14
84.24	0.1453E-14
95.08	0.1551E-14
106.6	0.1609E-14
118.7	0.1629E-14
131.6	0.1617E-14
145.0	0.1581E-14
159.2	0.1535E-14
174.0	0.1482E-14
189.4	0.1423E-14
205.5	0.1362E-14
222.3	0.1303E-14
239.7	0.1245E-14
257.8	0.1190E-14
276.5	0.1136E-14
295.9	0.1085E-14
315.9	0.1037E-14
336.7	0.9904E-15
358.0	0.9468E-15
380.0	0.9056E-15
402.7	0.8676E-15
426.1	0.8303E-15
450.0	0.7944E-15
474.7	0.7609E-15
500.0	0.7290E-15
 
 
C5    N2    Excitation    1.10 eV                               
E/N (Td)	Rate coefficient (m3/s)
0.1000	0.000
0.4287	0.4355E-21
1.415	0.1393E-18
3.058	0.1227E-17
5.359	0.4853E-17
8.317	0.1311E-16
11.93	0.2828E-16
16.20	0.5280E-16
21.13	0.8882E-16
26.72	0.1378E-15
32.97	0.2027E-15
39.87	0.2842E-15
47.43	0.3823E-15
55.64	0.4936E-15
64.52	0.6135E-15
74.05	0.7312E-15
84.24	0.8372E-15
95.08	0.9192E-15
106.6	0.9774E-15
118.7	0.1011E-14
131.6	0.1021E-14
145.0	0.1014E-14
159.2	0.9960E-15
174.0	0.9707E-15
189.4	0.9406E-15
205.5	0.9079E-15
222.3	0.8742E-15
239.7	0.8403E-15
257.8	0.8066E-15
276.5	0.7737E-15
295.9	0.7419E-15
315.9	0.7111E-15
336.7	0.6811E-15
358.0	0.6528E-15
380.0	0.6257E-15
402.7	0.6003E-15
426.1	0.5755E-15
450.0	0.5516E-15
474.7	0.5291E-15
500.0	0.5076E-15
 
 
C6    N2    Excitation    1.40 eV                               
E/N (Td)	Rate coefficient (m3/s)
0.1000	0.000
0.4287	0.1550E-21
1.415	0.6202E-19
3.058	0.5972E-18
5.359	0.2510E-17
8.317	0.7113E-17
11.93	0.1598E-16
16.20	0.3093E-16
21.13	0.5373E-16
26.72	0.8592E-16
32.97	0.1300E-15
39.87	0.1872E-15
47.43	0.2585E-15
55.64	0.3419E-15
64.52	0.4351E-15
74.05	0.5302E-15
84.24	0.6192E-15
95.08	0.6921E-15
106.6	0.7475E-15
118.7	0.7838E-15
131.6	0.8013E-15
145.0	0.8034E-15
159.2	0.7965E-15
174.0	0.7822E-15
189.4	0.7630E-15
205.5	0.7407E-15
222.3	0.7167E-15
239.7	0.6916E-15
257.8	0.6665E-15
276.5	0.6415E-15
295.9	0.6168E-15
315.9	0.5928E-15
336.7	0.5692E-15
358.0	0.5467E-15
380.0	0.5250E-15
402.7	0.5046E-15
426.1	0.4845E-15
450.0	0.4651E-15
474.7	0.4466E-15
500.0	0.4289E-15
 
 
C7    N2    Excitation    1.70 eV                               
E/N (Td)	Rate coefficient (m3/s)
0.1000	0.000
0.4287	0.7054E-23
1.415	0.7066E-20
3.058	0.1003E-18
5.359	0.5454E-18
8.317	0.1882E-17
11.93	0.4953E-17
16.20	0.1094E-16
21.13	0.2128E-16
26.72	0.3762E-16
32.97	0.6226E-16
39.87	0.9710E-16
47.43	0.1439E-15
55.64	0.2028E-15
64.52	0.2733E-15
74.05	0.3498E-15
84.24	0.4264E-15
95.08	0.4942E-15
106.6	0.5500E-15
118.7	0.5916E-15
131.6	0.6174E-15
145.0	0.6299E-15
159.2	0.6337E-15
174.0	0.6300E-15
189.4	0.6211E-15
205.5	0.6080E-15
222.3	0.5929E-15
239.7	0.5760E-15
257.8	0.5583E-15
276.5	0.5400E-15
295.9	0.5216E-15
315.9	0.5033E-15
336.7	0.4850E-15
358.0	0.4672E-15
380.0	0.4498E-15
402.7	0.4331E-15
426.1	0.4167E-15
450.0	0.4005E-15
474.7	0.3853E-15
500.0	0.3706E-15
 
 
C8    N2    Excitation    2.00 eV                               
E/N (Td)	Rate coefficient (m3/s)
0.1000	0.000
0.4287	0.7892E-24
1.415	0.1137E-20
3.058	0.1901E-19
5.359	0.1168E-18
8.317	0.4469E-18
11.93	0.1287E-17
16.20	0.3077E-17
21.13	0.6434E-17
26.72	0.1217E-16
32.97	0.2145E-16
39.87	0.3548E-16
47.43	0.5560E-16
55.64	0.8248E-16
64.52	0.1164E-15
74.05	0.1554E-15
84.24	0.1964E-15
95.08	0.2350E-15
106.6	0.2686E-15
118.7	0.2955E-15
131.6	0.3143E-15
145.0	0.3257E-15
159.2	0.3321E-15
174.0	0.3339E-15
189.4	0.3324E-15
205.5	0.3280E-15
222.3	0.3222E-15
239.7	0.3151E-15
257.8	0.3071E-15
276.5	0.2984E-15
295.9	0.2896E-15
315.9	0.2805E-15
336.7	0.2710E-15
358.0	0.2619E-15
380.0	0.2528E-15
402.7	0.2439E-15
426.1	0.2352E-15
450.0	0.2266E-15
474.7	0.2184E-15
500.0	0.2104E-15
 
 
C9    N2    Excitation    2.20 eV                               
E/N (Td)	Rate coefficient (m3/s)
0.1000	0.000
0.4287	0.8957E-27
1.415	0.5030E-22
3.058	0.1396E-20
5.359	0.1180E-19
8.317	0.5730E-19
11.93	0.1993E-18
16.20	0.5549E-18
21.13	0.1320E-17
26.72	0.2797E-17
32.97	0.5444E-17
39.87	0.9821E-17
47.43	0.1662E-16
55.64	0.2638E-16
64.52	0.3943E-16
74.05	0.5536E-16
84.24	0.7292E-16
95.08	0.9034E-16
106.6	0.1062E-15
118.7	0.1196E-15
131.6	0.1296E-15
145.0	0.1364E-15
159.2	0.1409E-15
174.0	0.1431E-15
189.4	0.1438E-15
205.5	0.1429E-15
222.3	0.1413E-15
239.7	0.1390E-15
257.8	0.1361E-15
276.5	0.1329E-15
295.9	0.1295E-15
315.9	0.1258E-15
336.7	0.1220E-15
358.0	0.1182E-15
380.0	0.1143E-15
402.7	0.1105E-15
426.1	0.1068E-15
450.0	0.1031E-15
474.7	0.9949E-16
500.0	0.9600E-16
 
 
C10   N2    Excitation    2.50 eV                               
E/N (Td)	Rate coefficient (m3/s)
0.1000	0.000
0.4287	0.000
1.415	0.3361E-23
3.058	0.1092E-21
5.359	0.1037E-20
8.317	0.5570E-20
11.93	0.2126E-19
16.20	0.6477E-19
21.13	0.1681E-18
26.72	0.3881E-18
32.97	0.8192E-18
39.87	0.1593E-17
47.43	0.2881E-17
55.64	0.4857E-17
64.52	0.7651E-17
74.05	0.1125E-16
84.24	0.1539E-16
95.08	0.1969E-16
106.6	0.2375E-16
118.7	0.2735E-16
131.6	0.3016E-16
145.0	0.3222E-16
159.2	0.3368E-16
174.0	0.3458E-16
189.4	0.3504E-16
205.5	0.3511E-16
222.3	0.3494E-16
239.7	0.3454E-16
257.8	0.3400E-16
276.5	0.3333E-16
295.9	0.3259E-16
315.9	0.3178E-16
336.7	0.3092E-16
358.0	0.3004E-16
380.0	0.2915E-16
402.7	0.2826E-16
426.1	0.2737E-16
450.0	0.2648E-16
474.7	0.2561E-16
500.0	0.2476E-16
 
 
C11   N2    Excitation    2.70 eV                               
E/N (Td)	Rate coefficient (m3/s)
0.1000	0.000
0.4287	0.000
1.415	0.9423E-25
3.058	0.5103E-23
5.359	0.6849E-22
8.317	0.4821E-21
11.93	0.2300E-20
16.20	0.8410E-20
21.13	0.2542E-19
26.72	0.6667E-19
32.97	0.1562E-18
39.87	0.3291E-18
47.43	0.6342E-18
55.64	0.1124E-17
64.52	0.1843E-17
74.05	0.2797E-17
84.24	0.3922E-17
95.08	0.5119E-17
106.6	0.6271E-17
118.7	0.7308E-17
131.6	0.8135E-17
145.0	0.8757E-17
159.2	0.9208E-17
174.0	0.9504E-17
189.4	0.9668E-17
205.5	0.9726E-17
222.3	0.9705E-17
239.7	0.9618E-17
257.8	0.9485E-17
276.5	0.9316E-17
295.9	0.9124E-17
315.9	0.8909E-17
336.7	0.8676E-17
358.0	0.8439E-17
380.0	0.8198E-17
402.7	0.7950E-17
426.1	0.7707E-17
450.0	0.7465E-17
474.7	0.7226E-17
500.0	0.6991E-17
 
 
C12   N2    Excitation    6.20 eV                               
E/N (Td)	Rate coefficient (m3/s)
0.1000	0.000
0.4287	0.000
1.415	0.000
3.058	0.000
5.359	0.000
8.317	0.4098E-25
11.93	0.1692E-23
16.20	0.3264E-22
21.13	0.3619E-21
26.72	0.2588E-20
32.97	0.1318E-19
39.87	0.5114E-19
47.43	0.1618E-18
55.64	0.4325E-18
64.52	0.1008E-17
74.05	0.2082E-17
84.24	0.3831E-17
95.08	0.6385E-17
106.6	0.9750E-17
118.7	0.1390E-16
131.6	0.1859E-16
145.0	0.2372E-16
159.2	0.2920E-16
174.0	0.3491E-16
189.4	0.4079E-16
205.5	0.4678E-16
222.3	0.5283E-16
239.7	0.5889E-16
257.8	0.6495E-16
276.5	0.7099E-16
295.9	0.7699E-16
315.9	0.8288E-16
336.7	0.8866E-16
358.0	0.9433E-16
380.0	0.9986E-16
402.7	0.1052E-15
426.1	0.1105E-15
450.0	0.1155E-15
474.7	0.1204E-15
500.0	0.1251E-15
 
 
C13   N2    Excitation    7.00 eV                               
E/N (Td)	Rate coefficient (m3/s)
0.1000	0.000
0.4287	0.000
1.415	0.000
3.058	0.000
5.359	0.000
8.317	0.3856E-25
11.93	0.2809E-23
16.20	0.6667E-22
21.13	0.8622E-21
26.72	0.6914E-20
32.97	0.3836E-19
39.87	0.1590E-18
47.43	0.5289E-18
55.64	0.1471E-17
64.52	0.3537E-17
74.05	0.7492E-17
84.24	0.1408E-16
95.08	0.2387E-16
106.6	0.3698E-16
118.7	0.5338E-16
131.6	0.7216E-16
145.0	0.9293E-16
159.2	0.1153E-15
174.0	0.1389E-15
189.4	0.1633E-15
205.5	0.1884E-15
222.3	0.2139E-15
239.7	0.2396E-15
257.8	0.2654E-15
276.5	0.2912E-15
295.9	0.3170E-15
315.9	0.3423E-15
336.7	0.3673E-15
358.0	0.3918E-15
380.0	0.4159E-15
402.7	0.4393E-15
426.1	0.4621E-15
450.0	0.4842E-15
474.7	0.5055E-15
500.0	0.5260E-15
 
 
C14   N2    Excitation    7.40 eV                               
E/N (Td)	Rate coefficient (m3/s)
0.1000	0.000
0.4287	0.000
1.415	0.000
3.058	0.000
5.359	0.000
8.317	0.1051E-24
11.93	0.9510E-23
16.20	0.2385E-21
21.13	0.3197E-20
26.72	0.2626E-19
32.97	0.1481E-18
39.87	0.6206E-18
47.43	0.2078E-17
55.64	0.5794E-17
64.52	0.1392E-16
74.05	0.2937E-16
84.24	0.5485E-16
95.08	0.9220E-16
106.6	0.1414E-15
118.7	0.2016E-15
131.6	0.2689E-15
145.0	0.3415E-15
159.2	0.4175E-15
174.0	0.4952E-15
189.4	0.5734E-15
205.5	0.6513E-15
222.3	0.7281E-15
239.7	0.8034E-15
257.8	0.8770E-15
276.5	0.9486E-15
295.9	0.1019E-14
315.9	0.1086E-14
336.7	0.1151E-14
358.0	0.1213E-14
380.0	0.1273E-14
402.7	0.1331E-14
426.1	0.1386E-14
450.0	0.1438E-14
474.7	0.1488E-14
500.0	0.1536E-14
 
 
C15   N2    Excitation    7.40 eV                               
E/N (Td)	Rate coefficient (m3/s)
0.1000	0.000
0.4287	0.000
1.415	0.000
3.058	0.000
5.359	0.000
8.317	0.5200E-25
11.93	0.5161E-23
16.20	0.1309E-21
21.13	0.1767E-20
26.72	0.1460E-19
32.97	0.8299E-19
39.87	0.3512E-18
47.43	0.1192E-17
55.64	0.3380E-17
64.52	0.8286E-17
74.05	0.1790E-16
84.24	0.3431E-16
95.08	0.5933E-16
106.6	0.9373E-16
118.7	0.1379E-15
131.6	0.1898E-15
145.0	0.2486E-15
159.2	0.3136E-15
174.0	0.3834E-15
189.4	0.4571E-15
205.5	0.5339E-15
222.3	0.6130E-15
239.7	0.6937E-15
257.8	0.7755E-15
276.5	0.8577E-15
295.9	0.9402E-15
315.9	0.1022E-14
336.7	0.1102E-14
358.0	0.1181E-14
380.0	0.1258E-14
402.7	0.1333E-14
426.1	0.1406E-14
450.0	0.1476E-14
474.7	0.1543E-14
500.0	0.1607E-14
 
 
C16   N2    Excitation    7.80 eV                               
E/N (Td)	Rate coefficient (m3/s)
0.1000	0.000
0.4287	0.000
1.415	0.000
3.058	0.000
5.359	0.000
8.317	0.1314E-26
11.93	0.6215E-24
16.20	0.1962E-22
21.13	0.3169E-21
26.72	0.3024E-20
32.97	0.1924E-19
39.87	0.8892E-19
47.43	0.3226E-18
55.64	0.9623E-18
64.52	0.2449E-17
74.05	0.5436E-17
84.24	0.1062E-16
95.08	0.1861E-16
106.6	0.2964E-16
118.7	0.4382E-16
131.6	0.6047E-16
145.0	0.7927E-16
159.2	0.9993E-16
174.0	0.1220E-15
189.4	0.1452E-15
205.5	0.1694E-15
222.3	0.1941E-15
239.7	0.2193E-15
257.8	0.2448E-15
276.5	0.2704E-15
295.9	0.2962E-15
315.9	0.3217E-15
336.7	0.3469E-15
358.0	0.3718E-15
380.0	0.3962E-15
402.7	0.4201E-15
426.1	0.4434E-15
450.0	0.4661E-15
474.7	0.4881E-15
500.0	0.5093E-15
 
 
C17   N2    Excitation    8.20 eV                               
E/N (Td)	Rate coefficient (m3/s)
0.1000	0.000
0.4287	0.000
1.415	0.000
3.058	0.000
5.359	0.000
8.317	0.000
11.93	0.4576E-24
16.20	0.1518E-22
21.13	0.2515E-21
26.72	0.2434E-20
32.97	0.1565E-19
39.87	0.7307E-19
47.43	0.2682E-18
55.64	0.8108E-18
64.52	0.2094E-17
74.05	0.4719E-17
84.24	0.9363E-17
95.08	0.1665E-16
106.6	0.2689E-16
118.7	0.4023E-16
131.6	0.5610E-16
145.0	0.7420E-16
159.2	0.9419E-16
174.0	0.1156E-15
189.4	0.1382E-15
205.5	0.1616E-15
222.3	0.1854E-15
239.7	0.2096E-15
257.8	0.2339E-15
276.5	0.2581E-15
295.9	0.2821E-15
315.9	0.3057E-15
336.7	0.3288E-15
358.0	0.3514E-15
380.0	0.3733E-15
402.7	0.3945E-15
426.1	0.4149E-15
450.0	0.4347E-15
474.7	0.4536E-15
500.0	0.4716E-15
 
 
C18   N2    Excitation    8.40 eV                               
E/N (Td)	Rate coefficient (m3/s)
0.1000	0.000
0.4287	0.000
1.415	0.000
3.058	0.000
5.359	0.000
8.317	0.000
11.93	0.2534E-24
16.20	0.9208E-23
21.13	0.1634E-21
26.72	0.1665E-20
32.97	0.1114E-19
39.87	0.5360E-19
47.43	0.2014E-18
55.64	0.6200E-18
64.52	0.1624E-17
74.05	0.3701E-17
84.24	0.7407E-17
95.08	0.1325E-16
106.6	0.2150E-16
118.7	0.3228E-16
131.6	0.4511E-16
145.0	0.5973E-16
159.2	0.7586E-16
174.0	0.9312E-16
189.4	0.1112E-15
205.5	0.1299E-15
222.3	0.1489E-15
239.7	0.1681E-15
257.8	0.1872E-15
276.5	0.2063E-15
295.9	0.2251E-15
315.9	0.2434E-15
336.7	0.2613E-15
358.0	0.2786E-15
380.0	0.2953E-15
402.7	0.3114E-15
426.1	0.3268E-15
450.0	0.3416E-15
474.7	0.3556E-15
500.0	0.3688E-15
 
 
C19   N2    Excitation    8.60 eV                               
E/N (Td)	Rate coefficient (m3/s)
0.1000	0.000
0.4287	0.000
1.415	0.000
3.058	0.000
5.359	0.000
8.317	0.000
11.93	0.3883E-24
16.20	0.1534E-22
21.13	0.2896E-21
26.72	0.3091E-20
32.97	0.2141E-19
39.87	0.1058E-18
47.43	0.4059E-18
55.64	0.1271E-17
64.52	0.3382E-17
74.05	0.7824E-17
84.24	0.1589E-16
95.08	0.2890E-16
106.6	0.4770E-16
118.7	0.7296E-16
131.6	0.1040E-15
145.0	0.1407E-15
159.2	0.1827E-15
174.0	0.2295E-15
189.4	0.2807E-15
205.5	0.3359E-15
222.3	0.3947E-15
239.7	0.4566E-15
257.8	0.5214E-15
276.5	0.5887E-15
295.9	0.6584E-15
315.9	0.7296E-15
336.7	0.8020E-15
358.0	0.8757E-15
380.0	0.9501E-15
402.7	0.1025E-14
426.1	0.1100E-14
450.0	0.1176E-14
474.7	0.1250E-14
500.0	0.1325E-14
 
 
C20   N2    Excitation    8.90 eV                               
E/N (Td)	Rate coefficient (m3/s)
0.1000	0.000
0.4287	0.000
1.415	0.000
3.058	0.000
5.359	0.000
8.317	0.000
11.93	0.1318E-24
16.20	0.6158E-23
21.13	0.1321E-21
26.72	0.1551E-20
32.97	0.1151E-19
39.87	0.5983E-19
47.43	0.2377E-18
55.64	0.7617E-18
64.52	0.2051E-17
74.05	0.4763E-17
84.24	0.9643E-17
95.08	0.1737E-16
106.6	0.2826E-16
118.7	0.4243E-16
131.6	0.5921E-16
145.0	0.7821E-16
159.2	0.9904E-16
174.0	0.1212E-15
189.4	0.1443E-15
205.5	0.1680E-15
222.3	0.1921E-15
239.7	0.2162E-15
257.8	0.2404E-15
276.5	0.2644E-15
295.9	0.2881E-15
315.9	0.3114E-15
336.7	0.3340E-15
358.0	0.3562E-15
380.0	0.3777E-15
402.7	0.3985E-15
426.1	0.4186E-15
450.0	0.4381E-15
474.7	0.4567E-15
500.0	0.4746E-15
 
 
C21   N2    Excitation    11.00 eV                              
E/N (Td)	Rate coefficient (m3/s)
0.1000	0.000
0.4287	0.000
1.415	0.000
3.058	0.000
5.359	0.000
8.317	0.000
11.93	0.1621E-27
16.20	0.1001E-24
21.13	0.5802E-23
26.72	0.1554E-21
32.97	0.2204E-20
39.87	0.1932E-19
47.43	0.1176E-18
55.64	0.5347E-18
64.52	0.1922E-17
74.05	0.5675E-17
84.24	0.1404E-16
95.08	0.2994E-16
106.6	0.5619E-16
118.7	0.9525E-16
131.6	0.1475E-15
145.0	0.2131E-15
159.2	0.2916E-15
174.0	0.3818E-15
189.4	0.4824E-15
205.5	0.5919E-15
222.3	0.7088E-15
239.7	0.8313E-15
257.8	0.9585E-15
276.5	0.1089E-14
295.9	0.1222E-14
315.9	0.1355E-14
336.7	0.1487E-14
358.0	0.1619E-14
380.0	0.1749E-14
402.7	0.1876E-14
426.1	0.2000E-14
450.0	0.2121E-14
474.7	0.2237E-14
500.0	0.2349E-14
 
 
C22   N2    Excitation    11.80 eV                              
E/N (Td)	Rate coefficient (m3/s)
0.1000	0.000
0.4287	0.000
1.415	0.000
3.058	0.000
5.359	0.000
8.317	0.000
11.93	0.000
16.20	0.1781E-25
21.13	0.1185E-23
26.72	0.3070E-22
32.97	0.3997E-21
39.87	0.3081E-20
47.43	0.1616E-19
55.64	0.6293E-19
64.52	0.1945E-18
74.05	0.4975E-18
84.24	0.1078E-17
95.08	0.2034E-17
106.6	0.3417E-17
118.7	0.5245E-17
131.6	0.7428E-17
145.0	0.9907E-17
159.2	0.1263E-16
174.0	0.1553E-16
189.4	0.1856E-16
205.5	0.2168E-16
222.3	0.2486E-16
239.7	0.2808E-16
257.8	0.3133E-16
276.5	0.3460E-16
295.9	0.3789E-16
315.9	0.4116E-16
336.7	0.4440E-16
358.0	0.4764E-16
380.0	0.5084E-16
402.7	0.5401E-16
426.1	0.5713E-16
450.0	0.6018E-16
474.7	0.6318E-16
500.0	0.6611E-16
 
 
C23   N2    Excitation    12.20 eV                              
E/N (Td)	Rate coefficient (m3/s)
0.1000	0.000
0.4287	0.000
1.415	0.000
3.058	0.000
5.359	0.000
8.317	0.000
11.93	0.000
16.20	0.3046E-27
21.13	0.2976E-25
26.72	0.1224E-23
32.97	0.2256E-22
39.87	0.2390E-21
47.43	0.1684E-20
55.64	0.8642E-20
64.52	0.3457E-19
74.05	0.1126E-18
84.24	0.3057E-18
95.08	0.7118E-18
106.6	0.1453E-17
118.7	0.2669E-17
131.6	0.4459E-17
145.0	0.6923E-17
159.2	0.1014E-16
174.0	0.1417E-16
189.4	0.1902E-16
205.5	0.2471E-16
222.3	0.3122E-16
239.7	0.3852E-16
257.8	0.4658E-16
276.5	0.5533E-16
295.9	0.6473E-16
315.9	0.7466E-16
336.7	0.8506E-16
358.0	0.9587E-16
380.0	0.1070E-15
402.7	0.1184E-15
426.1	0.1299E-15
450.0	0.1416E-15
474.7	0.1533E-15
500.0	0.1650E-15
 
 
C24   N2    Excitation    13.00 eV                              
E/N (Td)	Rate coefficient (m3/s)
0.1000	0.000
0.4287	0.000
1.415	0.000
3.058	0.000
5.359	0.000
8.317	0.000
11.93	0.000
16.20	0.1027E-27
21.13	0.1350E-25
26.72	0.2399E-23
32.97	0.6012E-22
39.87	0.8130E-21
47.43	0.6994E-20
55.64	0.4235E-19
64.52	0.1947E-18
74.05	0.7150E-18
84.24	0.2154E-17
95.08	0.5502E-17
106.6	0.1220E-16
118.7	0.2417E-16
131.6	0.4329E-16
145.0	0.7172E-16
159.2	0.1117E-15
174.0	0.1654E-15
189.4	0.2349E-15
205.5	0.3221E-15
222.3	0.4289E-15
239.7	0.5569E-15
257.8	0.7080E-15
276.5	0.8832E-15
295.9	0.1084E-14
315.9	0.1311E-14
336.7	0.1565E-14
358.0	0.1847E-14
380.0	0.2156E-14
402.7	0.2494E-14
426.1	0.2860E-14
450.0	0.3254E-14
474.7	0.3675E-14
500.0	0.4123E-14
 
 
C25   N2    Ionization    15.60 eV                              
E/N (Td)	Rate coefficient (m3/s)
0.1000	0.000
0.4287	0.000
1.415	0.000
3.058	0.000
5.359	0.000
8.317	0.000
11.93	0.000
16.20	0.000
21.13	0.000
26.72	0.3524E-28
32.97	0.1478E-24
39.87	0.4859E-23
47.43	0.8553E-22
55.64	0.9057E-21
64.52	0.6508E-20
74.05	0.3438E-19
84.24	0.1393E-18
95.08	0.4548E-18
106.6	0.1237E-17
118.7	0.2913E-17
131.6	0.6042E-17
145.0	0.1136E-16
159.2	0.1977E-16
174.0	0.3226E-16
189.4	0.4994E-16
205.5	0.7402E-16
222.3	0.1057E-15
239.7	0.1464E-15
257.8	0.1974E-15
276.5	0.2600E-15
295.9	0.3357E-15
315.9	0.4254E-15
336.7	0.5306E-15
358.0	0.6525E-15
380.0	0.7922E-15
402.7	0.9508E-15
426.1	0.1129E-14
450.0	0.1328E-14
474.7	0.1549E-14
500.0	0.1791E-14
 
 
C26   N2    Ionization    18.80 eV                              
E/N (Td)	Rate coefficient (m3/s)
0.1000	0.000
0.4287	0.000
1.415	0.000
3.058	0.000
5.359	0.000
8.317	0.000
11.93	0.000
16.20	0.000
21.13	0.000
26.72	0.000
32.97	0.000
39.87	0.000
47.43	0.7752E-25
55.64	0.1750E-23
64.52	0.2264E-22
74.05	0.1932E-21
84.24	0.1156E-20
95.08	0.5218E-20
106.6	0.1857E-19
118.7	0.5485E-19
131.6	0.1378E-18
145.0	0.3056E-18
159.2	0.6126E-18
174.0	0.1131E-17
189.4	0.1951E-17
205.5	0.3181E-17
222.3	0.4945E-17
239.7	0.7382E-17
257.8	0.1064E-16
276.5	0.1490E-16
295.9	0.2032E-16
315.9	0.2706E-16
336.7	0.3530E-16
358.0	0.4523E-16
380.0	0.5701E-16
402.7	0.7081E-16
426.1	0.8678E-16
450.0	0.1051E-15
474.7	0.1258E-15
500.0	0.1492E-15
 
 
N2                                                              
E/N (Td)	Inelastic energy loss coefficient (eV m3/s)
0.1000	0.6992E-19
0.4287	0.9906E-18
1.415	0.9057E-17
3.058	0.3699E-16
5.359	0.1001E-15
8.317	0.2132E-15
11.93	0.3890E-15
16.20	0.6408E-15
21.13	0.9782E-15
26.72	0.1409E-14
32.97	0.1952E-14
39.87	0.2617E-14
47.43	0.3420E-14
55.64	0.4371E-14
64.52	0.5500E-14
74.05	0.6828E-14
84.24	0.8383E-14
95.08	0.1019E-13
106.6	0.1232E-13
118.7	0.1483E-13
131.6	0.1770E-13
145.0	0.2095E-13
159.2	0.2467E-13
174.0	0.2885E-13
189.4	0.3352E-13
205.5	0.3869E-13
222.3	0.4438E-13
239.7	0.5061E-13
257.8	0.5740E-13
276.5	0.6476E-13
295.9	0.7273E-13
315.9	0.8126E-13
336.7	0.9038E-13
358.0	0.1001E-12
380.0	0.1105E-12
402.7	0.1215E-12
426.1	0.1331E-12
450.0	0.1454E-12
474.7	0.1582E-12
500.0	0.1718E-12
 
 
